41,35
3,2
3,1
3,3
10,144
10,262
10,120
10,310
10,268
10,6
10,88
10,250
9,7
9,6
9,4
9,2
9,3
36,7
36,6
36,5
36,4
36,3
8,9
36,2
8,8
36,1
35,5
8,11
35,4
35,3
8,17
35,2
8,6
35,1
34,16
34,15
34,14
34,13
34,12
34,11
8,15
34,10
34,9
34,8
34,7
8,18
34,6
34,5
34,4
8,2
34,3
34,1
8,3
0,318
34,0
32,5
32,4
32,3
32,1
31,4
31,3
31,1
30,4
30,3
30,1
29,5
29,4
29,3
29,1
28,3
28,1
27,4
27,3
27,1
26,5
26,4
26,3
26,1
25,4
25,3
25,1
20,3
20,2
20,1
19,3
19,2
19,1
14,5
12,3
12,2
12,1
11,28
11,27
11,26
11,25
11,24
11,22
11,21
11,20
11,18
11,17
11,15
11,14
11,13
11,12
11,11
11,7
11,4
11,3
11,2
11,1
10,297
10,293
10,283
